115
75
78
2020
1
3
119
71
86
2020
3
4
105
70
75
2020
5
4
114
65
85
2020
6
7
107
76
71
2020
10
11
104
71
90
2020
10
11
119
75
74
2020
10
11
105
83
94
2020
10
11
101
82
74
2020
10
11
103
78
82
2020
10
11
105
81
79
2020
10
11
109
78
79
2020
10
11
111
82
74
2020
10
11
107
80
81
2020
10
11
104
81
83
2020
10
11
116
89
90
2020
10
11
102
80
86
2020
10
11
119
83
78
2020
10
11
120
74
92
2020
10
11
103
80
82
2020
10
11
102
78
81
2020
10
11
81
67
72
2020
10
11
106
72
91
2020
10
11
106
81
86
2020
10
11
110
81
89
2020
10
11
105
79
91
2020
10
11
102
82
82
2020
10
11
115
80
76
2020
10
11
112
74
78
2020
10
11
118
81
63
2020
10
11
111
79
74
2020
10
11
118
78
72
2020
10
11
120
82
72
2020
10
11
115
83
72
2020
10
11
107
79
84
2020
10
11
112
75
89
2020
10
11
119
81
81
2020
10
11
101
76
81
2020
10
11
